function [C, S] = ini_coeff

% Coefficients of degree 2
C(3,1) = -1.08262668355*1e-3;
C(3,2) = -2.4140000000*1e-10;
C(3,3) =  1.57446037456*1e-6;
S(3,1) =  0;
S(3,2) =  1.54310000000*1e-9;
S(3,3) = -9.03803806639*1e-7;

% Coefficients of degree 3
C(4,1)=  -2.53265648533*1e-6;
C(4,2) =  2.19263852917*1e-6;
C(4,3) =  3.08989206881*1e-7;
C(4,4) =  1.00548778064*1e-7;
S(4,1) =  0;
S(4,2) =  2.68424890297*1e-7;
S(4,3) = -2.11437612437*1e-7;
S(4,4) =  1.97222559006*1e-7;

% Coefficients of degree 4
C(5,1) = -1.61962159137*1e-6;
C(5,2) = -5.08799360404*1e-7;
C(5,3) =  7.84175859844*1e-8;
C(5,4) =  5.92099402629*1e-8;
C(5,5) = -3.98407411766*1e-9;
S(5,1) =  0;
S(5,2) = -4.49144872839*1e-7;
S(5,3) =  1.48177868296*1e-7;
S(5,4) = -1.20077667634*1e-8;
S(5,5) =  6.52571425370*1e-9;

% Coefficients of degree 5
C(6,1) = -2.27296082869*1e-7;
C(6,2) = -5.31803015008*1e-8;
C(6,3) =  1.05587168391*1e-7;
C(6,4) = -1.49300637492*1e-8;
C(6,5) = -2.29930029013*1e-9;
C(6,6) =  4.30822462052*1e-10;
S(6,1) =  0;
S(6,2) = -8.08586947661*1e-8;
S(6,3) = -5.23291936216*1e-8;
S(6,4) = -7.09734236890*1e-9;
S(6,5) =  3.86712335851*1e-10;
S(6,6) = -1.64818262628*1e-9;
